% -------------------------------------------------------------------
%  Generated by MATLAB on 28-Feb-2021 11:42:05
%  MATLAB version: 8.5.0.197613 (R2015a)
% -------------------------------------------------------------------
function [val] = Corres4()                                     

corresp4 = ...
  [144.74 282.37;
   193.52 210.26;
   112.57 165.23;
   240.27 276.8;
   176.59 318.7;
   170.91 223.94;
   139.66 214.04;
   232.89 45.17;
   176.59 318.7;
   170.39 142.47;
   80.05 100.94;
   152.29 112.39;
   144.79 356.07;
   131.57 66.01;
   115.82 213.28;
   115.82 213.28;
   109.52 86.11;
   96.33 61.75;
   92 195.28;
   65.28 314.37;
   279.56 226.35;
   164.41 303;
   145.19 152.73;
   81.15 172.73;
   77.57 129.57;
   77.57 129.57;
   71.06 194.82;
   26.73 222.62;
   303.64 196;
   217.96 241.76;
   180.67 306.56;
   140.78 339.75;
   56.2 203.88;
   217.96 241.76;
   154.87 177.91;
   154.09 201.13;
   140.19 41.91;
   132.11 143.19;
   132.11 143.19;
   128.82 102.07;
   128.82 102.07;
   119.62 141.29;
   89.23 288.27;
   89.23 288.27;
   71.49 84.37;
   65.92 351.96;
   39.17 209.22;
   244.91 286.56;
   222.16 16.86;
   161.62 138.33;
   92.42 70.08;
   68.8 147.73;
   72.2 201.93;
   63.34 306.84;
   58.91 259.27;
   48.07 173.68;
   49.42 294.91;
   46.17 321.52;
   25.38 239.03;
   7.45 253.96;
   312.81 184.22;
   257.54 264.95;
   240.47 297.12;
   212.99 230.54;
   151.77 328.94;
   141.76 101.95;
   141.26 88.6;
   130.04 30.46;
   133.2 349.24;
   127.4 185.73;
   132.82 361.26;
   109.74 233.38;
   100.19 17.64;
   97.2 235.38;
   90.19 136.32;
   87.14 102.82;
   88.26 200.89;
   72.05 112.42;
   75.83 189.03;
   66.1 103.94;
   71.04 174.84;
   71.04 174.84;
   76.78 288.55;
   60.4 79;
   53.81 278.84;
   54.61 307.71;
   39.64 238.61;
   41.92 277.32;
   41.92 277.32;
   25.46 165.94;
   38.84 328.47;
   24.42 268.84;
   24.42 268.84;
   15.46 266.87;
   5.09 242.92;
   326.02 147.65;
   291.19 93.45;
   262.25 258.08;
   220.82 229.84;
   183.83 311.2;
   167.43 329.92;
   159.09 150.9;
   149.45 206.05;
   130.91 121.52;
   130.91 121.52;
   128.21 95.41;
   98.24 62.58;
   110.73 329.18;
   92.82 11.45;
   92.82 11.45;
   92.45 25.97;
   92.45 25.97;
   92.64 108.51;
   87.54 92.37;
   87.01 207.09;
   88.66 278.23;
   76.99 172.46;
   71.16 137.21;
   58.02 94.47;
   75.58 333.02;
   59.47 139.12;
   67.22 294.67;
   62.08 333.07;
   36.16 126.75;
   32.25 161.83;
   41.99 288;
   27.72 154.21;
   37.9 282.3;
   20.56 131.44;
   31.65 269.6;
   31.65 269.6;
   232.07 314.95;
   225.49 309.56;
   176.15 364.08;
   176.25 353.74;
   168.08 317.51;
   165.27 153.38;
   154.18 218.79;
   152.54 237.73;
   151.21 196.26;
   149.44 169.93;
   146.62 56.56;
   146.14 35.49;
   138.68 124.63;
   135.24 149.12;
   133.54 131.58;
   132.39 154.1;
   129.61 159.47;
   98.24 62.58;
   77.97 113.59;
   91.55 327.1;
   87.77 319.05;
   78.83 205.87;
   78.77 200.02;
   65.81 126.42;
   65.88 160.62;
   60.33 184.46;
   60.33 184.46;
   68.94 364.63;
   42.22 133.63;
   41.15 122.69;
   59.91 337.73;
   44.7 211.15;
   44.7 211.15;
   51.21 301.74;
   51.21 301.74;
   47.46 279.62;
   33.47 166.75;
   30.74 145.5;
   41.69 334.24;
   24.03 159.58;
   34.96 322.78;
   15.18 163.51;
   12.49 250.38;
   9.52 263.45;
   9.52 263.45;
   5.45 248.92;
   10.92 341.57;
   10.92 341.57;
   342.09 133.29;
   287.41 223.07;
   268.78 247.5;
   245.46 288.16;
   225.04 301.34;
   224.54 228.57;
   224.69 223.43;
   222.59 140.02;
   220.06 57.9;
   207.51 239.07;
   207.51 239.07;
   171.78 314.82;
   166.08 160.01;
   164.05 138.65;
   152.02 185.42;
   151.27 175.97;
   148.43 184.54;
   141.33 11.85;
   141.05 19.63;
   143.72 127.23;
   142.76 377.22;
   132.19 98.81;
   130.99 180.35;
   128.13 150.79;
   127.08 141.48;
   105.85 57.32;
   98.24 7.17;
   97.03 29.28;
   104.43 230.16;
   104.43 230.16;
   79.06 23.82;
   79.06 23.82;
   77.95 42.46;
   76.76 63.55;
   76.76 63.55;
   73.87 71.53;
   73.87 71.53;
   74.12 114.83;
   89.69 346.53;
   89.69 346.53;
   84.13 279.12;
   86.1 344.99;
   70.23 164.23;
   81.03 349.22;
   63.98 131.31;
   66.57 170.17;
   62.77 145.09;
   65.9 189.61;
   60.45 173.42;
   56.5 151.43;
   64.11 289.67;
   55.46 212.49;
   55.46 212.49;
   53.16 195.64;
   59.51 280;
   47.31 152.03;
   65.87 373.88;
   54.53 291.93;
   46.53 204.82;
   46.53 204.82;
   37.03 154.76;
   41.51 213.98;
   37.53 227.74;
   46.45 330.84;
   29.81 192.49;
   29.81 192.49;
   25.94 189.92;
   25.9 203.48;
   25.9 203.48;
   42.21 363.6;
   25.27 212.58;
   15.26 132.39;
   14.15 159.01;
   31.63 341.16;
   11.75 163.71;
   17.9 224.95;
   8.78 143.87;
   8.78 143.87;
   21.31 266.82;
   18.04 249.2;
   15.4 235.43;
   15.4 235.43;
   7.64 169.81;
   12.33 211.61;
   9.02 201.78;
   9.02 201.78;
   7.56 180.87;
   19.31 327.67;
   8.59 253.24;
   7.53 259.43;
   7.53 259.43;
   4.79 256.75;
   4.79 256.75;
   14.14 337.55;
   14.14 337.55;
   10.74 332.75;
   9.93 362.81;
   317.94 172.22;
   263.9 108.18;
   260.02 137.09;
   217.62 66.18;
   166.76 205.41;
   166.26 169.98;
   165.31 165.87;
   164.96 177.64;
   162.32 311.21;
   157.29 155.34;
   155.88 172.31;
   154.64 166.11;
   152.95 190.93;
   152.31 226.77;
   148.35 42.67;
   148.11 188.27;
   148.21 222.35;
   141.37 32.84;
   140.41 26.74;
   132.61 170.46;
   132.61 170.46;
   131.59 165.69;
   129.62 168.48;
   130.88 218.25;
   134.14 329;
   129.26 193.5;
   129.12 183.65;
   121.32 189.29;
   113.98 67.34;
   113.98 67.34;
   118.71 191.27;
   106.67 227.03;
   106.67 227.03;
   105.15 345.04;
   83.08 130.51;
   80.38 189.85;
   72.55 138.43;
   73.75 169.16;
   68.04 122.43;
   69.53 158.51;
   69.53 158.51;
   69.1 184.61;
   69.1 184.61;
   55.8 16.19;
   59.01 96.85;
   53.32 18.1;
   64.83 175.51;
   62.88 168.6;
   59 158.42;
   59 158.42;
   68.55 288.19;
   61.02 198.07;
   51.01 104.06;
   51.01 104.06;
   54.45 146.61;
   66.15 295.65;
   52.07 132.18;
   52.07 132.18;
   53.87 156.81;
   50.27 126.34;
   50.27 126.34;
   49.84 146.98;
   49.84 146.98;
   62.45 301.38;
   57.96 291.25;
   57.96 291.25;
   40.59 126.97;
   50.6 281.94;
   38.92 172.54;
   37.98 163.8;
   38.1 169.53;
   38.14 166.94;
   38.14 166.94;
   50.21 311.91;
   50.21 311.91;
   37.04 184.65;
   36.77 216.48;
   32.18 212.05;
   29.47 185.71;
   36.48 270.09;
   26.23 192.93;
   15.5 122.48;
   35.82 342.71;
   27.22 270.8;
   19.07 218.54;
   21.93 246.55;
   19.37 240.94;
   19.37 240.94;
   22.13 271.16;
   18.73 244.03;
   19.49 269.32;
   17.18 262.77;
   17.18 262.77;
   8.73 214.79;
   9.19 243.24];
val = corresp4;
return
end