% -------------------------------------------------------------------
%  Generated by MATLAB on 28-Feb-2021 11:37:08
%  MATLAB version: 8.5.0.197613 (R2015a)
% -------------------------------------------------------------------
function [val] = Corres1()                                  

corresp1 = ...
  [156.82 313.96;
   213.23 315.15;
   213.23 315.15;
   205.36 240.97;
   68.07 490.03;
   119.23 269.72;
   109.63 387.51;
   193.41 479.26;
   261.12 503.71;
   257.27 457.03;
   199.15 545.75;
   180.82 516.07;
   172.57 371.49;
   110.76 504.14;
   38.64 557.1;
   260.57 538.25;
   162.98 471.38;
   148.54 443.1;
   141.37 489.57;
   130.24 467.15;
   123.97 330.73;
   123.97 330.73;
   103.56 577.68;
   90.03 602;
   176.6 225.01;
   171.79 558.48;
   164.89 589.03;
   152.59 416.45;
   152.59 416.45;
   129.92 312.03;
   129.92 312.03;
   90.13 602.34;
   73.62 612.96;
   192.47 341.03;
   192.47 341.03;
   185.08 280.76;
   184.78 210.04;
   182.61 585.2;
   176.11 267.6;
   158.18 505.25;
   158.18 505.25;
   146.49 544.22;
   143.45 258.9;
   113.57 351.79;
   113.57 351.79;
   206.01 342.65;
   185.14 567.53;
   180.45 334.67;
   170.9 449.72;
   125.05 394.43;
   104.66 487.44;
   91.4 611.27;
   27.41 600.41;
   27.41 600.41;
   240.76 483.25;
   208.14 491.07;
   189.54 541.89;
   178.7 201.15;
   176.18 212.13;
   172.82 417.84;
   171.01 433.78;
   160.63 214.9;
   160.63 214.9;
   136.57 370.42;
   125.59 474.47;
   120.56 338.48;
   108.56 609.8;
   94.65 550.14;
   69.42 577.63;
   21.17 550.83;
   301.91 264.39;
   186.73 555.44;
   183.06 219.14;
   178.41 559.39;
   179.16 297.14;
   175.26 617.87;
   175.64 417.72;
   172.41 194.21;
   170.72 505.26;
   170.62 492.48;
   170.72 333.33;
   167.83 208.66;
   163.89 424.4;
   162.48 440.87;
   160.72 193.78;
   157.46 302.04;
   156 516.68;
   151.79 593.52;
   142.1 282.29;
   139.11 402.58;
   136.74 291.41;
   135.84 430.7;
   122.35 510.92;
   117.54 505.11;
   106.36 617.96;
   104.79 352.35;
   104.79 352.35;
   102.41 514.14;
   96.59 595.95;
   97.28 506.3;
   94.48 482.71;
   93.11 579.61;
   93.11 579.61;
   88.06 505.98;
   88.06 505.98;
   76.29 606.84;
   65.09 527.6;
   64.03 614.87;
   54.62 563.91;
   52.13 555.74;
   47.91 568.51;
   47.91 568.51;
   10.41 593.64;
   334.12 347.19;
   334.12 347.19;
   267.25 279.06;
   236.68 274.26;
   213.6 591.84;
   200.91 345.96;
   199.72 487.34;
   193.06 558.21;
   187.55 357.96;
   187.22 379.05;
   184.9 272.8;
   176.19 406.25;
   174.33 310.83;
   172.98 284.19;
   172.98 284.19;
   166.37 527.28;
   162.2 553.14;
   159.31 558.69;
   159.53 523.64;
   159.53 523.64;
   143.39 325.73;
   137.87 275.85;
   132.02 468.28;
   130.66 425.13;
   130.66 425.13;
   131.39 420.54;
   131.39 420.54;
   129.11 436.97;
   129.11 436.97;
   122.68 365;
   121.22 416.1;
   121.33 310.89;
   119.1 495;
   115.57 514.33;
   99.99 577.2;
   98.23 608.11;
   98.22 539.09;
   94.12 527.87;
   86.25 540.51;
   59.14 621.03;
   59.14 621.03;
   49.52 574.95;
   48.74 532.03;
   47.2 561.75;
   299.59 398.14;
   247.43 474.37;
   245.24 447.52;
   207.86 594.02;
   190.51 297.44;
   185.56 272.68;
   184.15 335.19;
   178.43 594.38;
   177.08 463.68;
   177.28 445.24;
   176.83 352.54;
   171.79 530.54;
   171.73 525.67;
   166.82 527.52;
   163.07 307.91;
   163.07 307.91;
   161.38 534.38;
   160.08 352.67;
   159.22 558.56;
   158.59 188.01;
   145.05 368.46;
   137.29 372.88;
   132.12 396.64;
   131.87 339.59;
   131.87 339.59;
   131.94 325.77;
   131.44 467.75;
   117.46 435.21;
   117.46 435.21;
   107.2 570.76;
   91.56 532.7;
   80.51 590.38;
   80.51 590.38;
   73.11 588.84;
   73.11 588.84;
   71.92 553.45;
   70.64 523.61;
   69.89 534.94;
   55.54 569.53;
   40.85 611.25;
   40.85 611.25;
   37.47 565.7;
   37.25 560.93;
   34.61 544.69;
   25.42 584.79;
   25.7 580.2;
   24.55 562.13;
   24.55 562.13;
   8.96 611.74;
   292.11 517.15;
   290.99 546.74;
   235.24 299.3;
   224.32 397.07;
   193.85 576.69;
   193.67 565.6;
   191.97 542.33;
   185.81 328.48;
   182.42 619.68;
   178.79 451.53;
   177.86 582.74;
   176.95 616.6;
   174.6 592.81;
   174.13 596.84;
   173.79 425.75;
   172.99 432.26;
   167.4 425.94;
   162.67 544.97;
   161.5 501.94;
   161.21 578.85;
   157.55 570.9;
   154.96 554.57;
   154.27 377.2;
   152.87 534.56;
   145.15 597.58;
   139.01 463.63;
   135.6 422.03;
   134.97 366.32;
   134.22 427.76;
   132.75 439.69;
   131.59 368.34;
   119.86 377.14;
   120.15 203.03;
   116.55 419.16;
   114.75 450.18;
   114.58 431.68;
   112.4 360.39;
   111.86 467.98;
   111.86 467.98;
   112.1 446.74;
   108.13 475.68;
   108.13 475.68;
   103.86 516.29;
   97.12 573.13;
   96.7 523.7;
   93.89 567.6;
   89.17 574.13;
   85.88 596.17;
   85.85 579.99;
   82.5 577.57;
   81.7 553.6;
   80.24 548.72;
   79.89 533.44;
   79.89 533.44;
   71.57 602.83;
   62.62 613.37;
   60.76 566.51;
   55.42 624.49;
   48.22 590.63;
   47.18 598.52;
   47.18 598.52;
   43.56 532.87;
   43.56 532.87;
   43.13 595.73;
   38.2 622.17;
   34.17 565.9;
   28.87 572.19;
   26.54 589.52;
   24.53 620.44;
   20.29 623.78;
   16.89 573.8;
   12.07 603.25;
   299.41 392.77;
   280.21 389.78;
   279.62 480.62;
   243.83 480.91;
   243.9 474.62;
   211.21 260.35;
   192.95 572;
   190.78 588.61;
   185.36 603.08;
   184.61 560.45;
   181.63 571.88;
   180.28 338.62;
   179.15 274.99;
   178.43 590.27;
   175.79 611.3;
   172.99 442.95;
   172.47 437.83;
   171.5 345.75;
   168.25 282.8;
   163.4 287.84;
   158.3 576.42;
   154.72 188.19;
   153.91 591.14;
   153.56 602.52;
   152.47 507.99;
   152.47 507.99;
   146.07 472.68;
   146.07 472.68;
   142.43 381.8;
   141.95 599.61;
   141.77 296.17;
   139.1 238.21;
   138.89 219.88;
   137.29 291.53;
   136.61 260.75;
   136.35 325.35;
   136.04 337.5;
   134.37 375.5;
   132.17 297.25;
   127.97 401.23;
   128.16 320.47;
   128.16 320.47;
   127.3 327.54;
   127.35 286.08;
   127.72 210.74;
   126.32 330.89;
   122.67 333.62;
   122.67 333.62;
   121.26 363.14;
   111.05 532.74;
   103.92 503.12;
   100.98 597.24;
   98.33 597.72;
   97.71 563.82;
   95.24 430.35;
   93.84 561.45;
   93.84 561.45;
   92.59 494.13;
   91.33 499.42;
   85.99 572.34;
   82.81 506.32;
   82.81 506.32;
   77.91 559.02;
   75.44 548.85;
   75.44 548.85;
   69.43 527.84;
   64.99 595.64;
   59.9 572.7;
   59.93 532.59;
   51.67 579.08;
   51.67 579.08;
   45.89 621.96;
   45.45 523.09;
   43.33 598.88;
   43.1 591.67;
   43.1 591.67;
   41.73 564.07;
   37.95 618.85;
   11.03 618.77;
   6.6 556.59];
val = corresp1;
return;
end