% -------------------------------------------------------------------
%  Generated by MATLAB on 28-Feb-2021 11:37:36
%  MATLAB version: 8.5.0.197613 (R2015a)
% -------------------------------------------------------------------
function [val] = Corres2()                                     

corresp2 = ...
  [140.3 151.44;
   198.73 153.54;
   198.73 153.54;
   192.33 70.86;
   56.47 329.01;
   96.69 101.96;
   93.96 230.67;
   179.27 317.75;
   243.5 339.27;
   241.09 296.41;
   185.17 378.88;
   167.71 352.17;
   157.75 213.35;
   101.14 342.52;
   34.41 389.83;
   241.28 371.32;
   150.95 311.35;
   135.25 284.15;
   129.01 328.4;
   117.53 307.76;
   106.49 170.81;
   106.49 170.81;
   97.43 407.09;
   86 428.5;
   159.45 50.38;
   159.96 388.94;
   153.62 415.9;
   138.51 259.1;
   138.51 259.1;
   111.55 150.37;
   111.55 150.37;
   86 428.5;
   71.2 437.27;
   177.76 181.48;
   177.76 181.48;
   169.46 115.78;
   167.86 33.99;
   169.35 412.22;
   159.9 101.16;
   145.97 342.35;
   145.97 342.35;
   136.37 377.87;
   124.61 90.37;
   97.3 193.06;
   97.3 193.06;
   191.63 183.18;
   172.1 397.03;
   165.32 174.76;
   157.09 290.51;
   110.21 237.15;
   94.11 326.77;
   86.7 435.29;
   27.81 427.71;
   27.81 427.71;
   224.92 320.44;
   193.69 329.25;
   176.06 374.97;
   161.63 21.76;
   159.58 36.1;
   158.18 259.82;
   157.26 275.54;
   141.92 39.5;
   141.92 39.5;
   121.1 212.58;
   113.93 314.28;
   103.86 179.21;
   102.69 434.3;
   87.37 382.96;
   65.23 407.67;
   18.15 385.17;
   293.47 94.71;
   173.73 386.6;
   167.4 44;
   166.05 390.1;
   163.5 134.24;
   163.13 440.13;
   161.22 259.74;
   154.44 14.29;
   158.09 342.44;
   157.64 330.73;
   155.15 173.49;
   149.58 32.38;
   149.89 266.21;
   148.98 282.46;
   141.53 14.04;
   140.71 139.87;
   144.07 352.91;
   141.83 419.54;
   124.1 117.59;
   124.04 245.53;
   118.28 127.8;
   122.78 272.61;
   111.49 347.8;
   107.16 342.88;
   100.98 440.75;
   87.9 193.86;
   87.9 193.86;
   92.95 351.24;
   91.21 422.36;
   87.8 343.99;
   84.19 322.27;
   87.37 409.05;
   87.37 409.05;
   78.66 343.89;
   78.66 343.89;
   73.01 432.33;
   58.42 363.88;
   62.05 438.8;
   51.03 396.03;
   47.44 389.08;
   44.29 400.05;
   44.29 400.05;
   11.62 422.06;
   322.32 185.28;
   322.32 185.28;
   256.59 112.65;
   224.28 108.19;
   198.26 417.98;
   186.09 186.83;
   185.41 325.65;
   179.51 388.95;
   172.84 199.25;
   172.53 221.23;
   169.4 107.08;
   162.13 248.39;
   158.9 149.09;
   155.88 119.63;
   155.88 119.63;
   154.52 362.28;
   150.79 384.93;
   147.85 389.52;
   147.65 359.12;
   147.65 359.12;
   126.49 165.34;
   118.92 110.32;
   119.87 309.02;
   116.96 267.77;
   116.96 267.77;
   117.54 262.66;
   117.54 262.66;
   115.94 278.72;
   115.94 278.72;
   106.37 206.9;
   107.4 258.45;
   102.99 149.44;
   108.16 333.91;
   105.57 350.93;
   93.44 406.91;
   93.08 432.64;
   90.23 373.36;
   86.16 363.69;
   79.08 375.08;
   58.32 444.02;
   58.32 444.02;
   45.79 405.55;
   42.81 368.16;
   43.17 394.18;
   284.56 237.7;
   231.05 312.15;
   229.69 287.15;
   193.28 419.18;
   175.44 134.49;
   169.4 107.08;
   169.22 175.45;
   166.18 419.42;
   163.59 303.95;
   163.28 286.38;
   162.3 193.55;
   159.2 364.86;
   158.97 360.13;
   154.52 362.28;
   146.8 146.02;
   146.8 146.02;
   149.44 368.91;
   143.97 193.67;
   147.85 389.52;
   139.04 6.66;
   129.75 210.94;
   121.81 215.14;
   117.62 239.15;
   115.16 180.2;
   115.16 180.2;
   114.74 165.48;
   119.32 308.22;
   104.58 277.07;
   104.58 277.07;
   99.76 400.91;
   84.07 367.76;
   76.28 417.91;
   76.28 417.91;
   69.53 416.82;
   69.53 416.82;
   66.22 386.86;
   63.46 360.27;
   63.16 370.09;
   51.45 400.76;
   40.69 436.27;
   40.69 436.27;
   34.73 397.69;
   33.95 393.55;
   30.46 379.61;
   24.61 414.31;
   24.83 410.32;
   22 394.83;
   22 394.83;
   11.08 437.59;
   272.5 350.62;
   270.31 376.76;
   222.18 135.41;
   209.87 238.74;
   180.26 404.55;
   180.17 395.58;
   178.4 375.18;
   170.86 168.51;
   170.51 440.73;
   165.08 292.09;
   165.57 410.26;
   165.24 438.31;
   162.64 418.46;
   162.21 421.97;
   159.79 267.71;
   159.32 273.86;
   153.66 267.89;
   150.97 377.47;
   149.14 339.34;
   150.4 407;
   146.57 400.41;
   143.78 386.2;
   139.29 219.36;
   141.4 368.66;
   135.93 423.05;
   126.37 304.36;
   121.69 264.24;
   119.23 208.27;
   120.62 270.45;
   119.4 281.57;
   116.08 210.36;
   104.39 219.5;
   96.94 25.5;
   102.76 261.97;
   102.3 291.76;
   101.23 274.2;
   95.98 202.14;
   100.02 309.4;
   100.02 309.4;
   99.59 288.55;
   96.79 315.76;
   96.79 315.76;
   94.54 353.21;
   90.76 403.23;
   88.21 360.04;
   87.42 398.39;
   83.64 404.15;
   81.15 423.16;
   81.26 409.32;
   77.46 407.17;
   75.19 386.58;
   73.63 381.9;
   72.55 368.81;
   72.55 368.81;
   68.29 428.88;
   61.05 438.04;
   56.41 398.02;
   55.16 446.99;
   46.08 418.96;
   45.53 425.57;
   45.53 425.57;
   37.55 368.9;
   37.55 368.9;
   42.09 423.05;
   39.11 445.47;
   31 397.9;
   26.69 403.67;
   25.76 418.17;
   26.42 444.31;
   22.56 447.46;
   15.7 405;
   13.73 430.17;
   284.78 232.11;
   265.71 229.75;
   262.08 317.6;
   228.03 318.95;
   227.89 312.99;
   197.52 92.54;
   179.22 400.89;
   177.55 414.79;
   172.65 427.1;
   171.7 390.77;
   168.98 400.86;
   164.94 179.04;
   163.46 109.42;
   166.43 416.64;
   163.99 434.17;
   159.4 284.25;
   158.65 279.34;
   156.11 186.42;
   152.17 118.34;
   147.19 123.87;
   147.48 404.91;
   135 7.56;
   143.61 417.41;
   143.6 427.18;
   140.62 344.84;
   140.62 344.84;
   133.57 312.51;
   133.57 312.51;
   127.35 224.07;
   133 424.89;
   123.89 133.27;
   119.16 67.01;
   118.38 44.8;
   119.17 128.08;
   117.12 93.48;
   119.25 165.05;
   119.33 178.04;
   118.77 217.59;
   113.68 134.43;
   113.33 244;
   110.45 159.97;
   110.45 159.97;
   109.94 167.54;
   108.41 122;
   105.53 34.59;
   109.01 171.14;
   105.51 173.7;
   105.51 173.7;
   105.12 204.98;
   101.9 367.6;
   94.17 341.16;
   95.51 423.57;
   92.89 423.89;
   90.7 394.94;
   82.12 272.99;
   87.19 393.18;
   87.19 393.18;
   82.71 333.23;
   81.79 337.92;
   79.97 402.8;
   73.82 344.22;
   73.82 344.22;
   72.3 391.58;
   69.14 382.39;
   69.14 382.39;
   62.47 363.96;
   62.77 423.02;
   56.23 403.36;
   53.55 368.52;
   48.43 409.07;
   48.43 409.07;
   46.04 445.05;
   39.06 360.07;
   42.07 426;
   41.13 420.07;
   41.13 420.07;
   38.49 396.28;
   38.49 442.57;
   13.8 443.07;
   5.41 390.6];
val = corresp2;
return;
end