% -------------------------------------------------------------------
%  Generated by MATLAB on 28-Feb-2021 11:41:32
%  MATLAB version: 8.5.0.197613 (R2015a)
% -------------------------------------------------------------------
function [val] = Corres3()                                     
                                  
corresp3 = ...
  [158.49 519.89;
   207.88 442.6;
   128.26 400;
   257.42 518.13;
   189.82 563.98;
   185.08 456.98;
   153.36 447.82;
   241.09 296.41;
   190.26 562.15;
   185.17 378.88;
   101.14 342.52;
   167.71 352.17;
   154.7 607.46;
   150.95 311.35;
   129.13 447.23;
   129.13 447.23;
   129.01 328.4;
   117.53 307.76;
   106.25 428.51;
   70.32 556.03;
   295.87 463.39;
   176.86 544.47;
   159.96 388.94;
   97.43 407.09;
   96.76 366.63;
   96.76 366.63;
   86 428.5;
   39.55 456.08;
   317.22 434.38;
   233 475.97;
   194.35 548.58;
   149.63 587.69;
   71.2 437.27;
   233.18 475.11;
   169.35 412.22;
   167.8 435.29;
   157.09 290.51;
   147.86 379.5;
   147.86 379.5;
   145.97 342.35;
   145.97 342.35;
   136.37 377.87;
   97.41 526.94;
   97.41 526.94;
   94.11 326.77;
   67.46 601.4;
   53.61 442.03;
   261.8 529.17;
   231.02 272;
   176.06 374.97;
   113.93 314.28;
   87.37 382.96;
   86.7 435.29;
   69.01 548.18;
   68.85 492.9;
   65.23 407.67;
   55.08 533.35;
   49.2 564.12;
   36.76 473.85;
   16.76 488.68;
   325.35 423.19;
   275.1 504.45;
   258.61 539.65;
   227.28 465.81;
   162.94 574.28;
   158.09 342.44;
   157.64 330.73;
   148.98 282.46;
   142.01 598.84;
   141.83 419.54;
   140.92 614.18;
   122.21 467.5;
   122.78 272.61;
   109.58 469.02;
   108.34 373.2;
   107.16 342.88;
   102.69 434.3;
   92.95 351.24;
   91.21 422.36;
   87.8 343.99;
   87.37 409.05;
   87.37 409.05;
   84.27 526.88;
   84.19 322.27;
   61.19 515.6;
   59.26 548.03;
   50.8 472.2;
   49.08 514.15;
   49.08 514.15;
   44.29 400.05;
   40.65 572.48;
   31.75 504.62;
   31.75 504.62;
   23.57 502.09;
   15.31 476.42;
   334.74 388.58;
   297.43 338.6;
   279.44 497.06;
   235.55 463.99;
   197.65 553.89;
   180.09 575.74;
   173.73 386.6;
   163.13 440.13;
   147.65 359.12;
   147.65 359.12;
   145.39 336.7;
   119.87 309.02;
   118.3 574.3;
   116.96 267.77;
   116.96 267.77;
   115.94 278.72;
   115.94 278.72;
   111.49 347.8;
   108.16 333.91;
   100.98 440.75;
   97.79 515.33;
   93.44 406.91;
   90.23 373.36;
   80.9 335.5;
   80.1 578.38;
   79.08 375.08;
   74.14 533.4;
   64.83 577.93;
   58.42 363.88;
   51.03 396.03;
   48.32 525.53;
   47.44 389.08;
   44.47 519.42;
   42.81 368.16;
   39.42 505.42;
   39.42 505.42;
   251.5 559.17;
   242.86 553.57;
   189.11 618.13;
   189.11 605.26;
   181.16 560.22;
   179.51 388.95;
   167.69 452.79;
   166.19 472.52;
   165.08 429.96;
   163.89 404.37;
   163.59 303.95;
   163.28 286.38;
   154.52 362.28;
   150.79 384.93;
   149.44 368.91;
   147.85 389.52;
   144.83 394.04;
   119.32 308.22;
   98.27 352.23;
   96.9 571.44;
   93.95 562.98;
   92.79 439.03;
   93.08 432.64;
   86.16 363.69;
   83.49 395.28;
   76.28 417.91;
   76.28 417.91;
   69.43 617.62;
   63.16 370.09;
   63.46 360.27;
   62.38 582.41;
   58.46 444.27;
   58.46 444.27;
   56.66 541.23;
   56.66 541.23;
   54.94 516.47;
   51.45 400.76;
   51.25 381.18;
   43.16 579.27;
   43.17 394.18;
   36.82 565.58;
   34.73 397.69;
   21.81 484.54;
   17.41 498.37;
   17.41 498.37;
   15.11 482.86;
   8.38 587.55;
   8.38 587.55;
   348.97 375.31;
   302.98 460.95;
   285.56 486.24;
   263.27 529.66;
   242.38 544.62;
   239.4 464.79;
   239.12 459.48;
   234.6 377.84;
   230.04 306.38;
   222.05 474.59;
   222.05 474.59;
   185.04 558.16;
   180.17 395.58;
   178.4 375.18;
   166.18 419.42;
   165.57 410.26;
   162.64 418.46;
   159.79 267.71;
   159.32 273.86;
   159.2 364.86;
   151.79 634.1;
   149.14 339.34;
   145.63 414.51;
   143.78 386.2;
   143.09 377.63;
   126.37 304.36;
   121.69 264.24;
   119.4 281.57;
   117.06 464.25;
   117.06 464.25;
   104.58 277.07;
   104.58 277.07;
   102.3 291.76;
   100.02 309.4;
   100.02 309.4;
   96.79 315.76;
   96.79 315.76;
   94.54 353.21;
   94.02 594.9;
   94.02 594.9;
   93.2 516.67;
   89.86 592.81;
   87.42 398.39;
   84.42 598.43;
   84.07 367.76;
   83.64 404.15;
   81.61 380.35;
   81.15 423.16;
   77.46 407.17;
   75.19 386.58;
   71.13 527.61;
   69.2 445.74;
   69.2 445.74;
   68.29 428.88;
   67.22 517.18;
   66.22 386.86;
   65.2 628.88;
   60.89 530.42;
   61.05 438.04;
   61.05 438.04;
   56.5 389.79;
   55.16 446.99;
   49.73 461.02;
   48.4 575.26;
   45.53 425.57;
   45.53 425.57;
   42.09 423.05;
   40.69 436.27;
   40.69 436.27;
   39.88 615.29;
   39.11 445.47;
   37.55 368.9;
   33.95 393.55;
   30.96 587.23;
   31 397.9;
   30.41 458;
   30.46 379.61;
   30.46 379.61;
   29.18 502.34;
   27.8 483.4;
   26.76 468.91;
   26.76 468.91;
   26.69 403.67;
   26.42 444.31;
   24.04 434.75;
   24.04 434.75;
   24.61 414.31;
   19.32 571;
   17.64 487.62;
   15.78 494.03;
   15.78 494.03;
   13.25 491.21;
   13.25 491.21;
   12.48 583.12;
   12.48 583.12;
   9.54 576.94;
   4.28 613.47;
   329.31 411.19;
   272.5 350.62;
   270.31 376.76;
   227.89 312.99;
   180.48 439.23;
   180.26 404.55;
   179.22 400.89;
   178.99 412.01;
   175.03 553.95;
   171.7 390.77;
   170.03 406.58;
   168.98 400.86;
   167.05 424.67;
   165.56 461.12;
   165.08 292.09;
   162.21 421.97;
   161.41 456.98;
   159.4 284.25;
   158.65 279.34;
   147.48 404.91;
   147.48 404.91;
   146.57 400.41;
   144.72 403.18;
   144.2 452.18;
   143.62 574.52;
   143.6 427.18;
   143.61 417.41;
   135.93 423.05;
   133.57 312.51;
   133.57 312.51;
   133 424.89;
   119.48 460.8;
   119.48 460.8;
   111.25 593.88;
   101.9 367.6;
   95.51 423.57;
   91.38 374.52;
   90.76 403.23;
   88.21 360.04;
   87.19 393.18;
   87.19 393.18;
   84.66 418.21;
   84.66 418.21;
   84.39 271.3;
   81.79 337.92;
   82.12 272.99;
   81.26 409.32;
   79.97 402.8;
   76.89 392.88;
   76.89 392.88;
   75.96 526.48;
   75.85 431.58;
   73.82 344.22;
   73.82 344.22;
   73.63 381.9;
   72.97 534.58;
   72.55 368.81;
   72.55 368.81;
   72.3 391.58;
   71.28 363.57;
   71.28 363.57;
   69.14 382.39;
   69.14 382.39;
   68.24 540.83;
   64.59 529.37;
   64.59 529.37;
   62.47 363.96;
   57.9 519.27;
   56.76 406.15;
   56.41 398.02;
   56.23 403.36;
   56.26 401;
   56.26 401;
   54.39 552.96;
   54.39 552.96;
   53.42 418.07;
   50.32 449.39;
   46.04 445.05;
   46.08 418.96;
   44.34 506.01;
   42.07 426;
   39.06 360.07;
   35.21 589.6;
   34.72 506.5;
   32.4 451.57;
   32.12 480.42;
   29.96 474.63;
   29.96 474.63;
   29.4 506.92;
   29.15 477.86;
   26.94 504.96;
   25.24 497.79;
   25.24 497.79;
   22.56 447.46;
   19.62 476.93];
val = corresp3;
return;
end